$GPRMC,091331.00,A,2458.03754,N,12111.27339,E,0.432,,280521,,,A70
$GPVTG,,T,,M,0.432,N,0.801,K,A2F
$GPGGA,091331.00,2458.03754,N,12111.27339,E,1,07,1.04,121.1,M,16.4,M,,57
$GPGSA,A,3,19,06,02,17,05,09,12,,,,,,3.15,1.04,2.9709
$GPGSV,4,1,13,02,46,337,29,04,02,036,,05,32,248,28,06,49,034,4178
$GPGSV,4,2,13,09,29,055,39,12,27,280,38,13,09,189,,17,33,138,397F
$GPGSV,4,3,13,19,56,132,40,20,15,248,25,25,07,310,,28,07,176,*73
$GPGSV,4,4,13,30,01,138,43
$GPGLL,2458.03754,N,12111.27339,E,091331.00,A,A60
$GPRMC,091334.00,A,2458.03795,N,12111.27365,E,0.127,,280521,,,A70
$GPVTG,,T,,M,0.127,N,0.235,K,A23
$GPGGA,091334.00,2458.03795,N,12111.27365,E,1,07,1.04,121.9,M,16.4,M,,5E
$GPGSA,A,3,19,06,02,17,05,09,12,,,,,,3.15,1.04,2.9709
$GPGSV,4,1,13,02,46,337,30,04,02,036,,05,32,248,22,06,49,034,417A
$GPGSV,4,2,13,09,29,055,39,12,27,280,37,13,09,189,,17,33,138,407E
$GPGSV,4,3,13,19,56,132,39,20,15,248,24,25,07,310,,28,07,176,*7C
$GPGSV,4,4,13,30,01,138,43
$GPGLL,2458.03795,N,12111.27365,E,091334.00,A,A61
$GPRMC,091335.00,A,2458.03814,N,12111.27372,E,0.165,,280521,,,A77
$GPVTG,,T,,M,0.165,N,0.305,K,A27
$GPGGA,091335.00,2458.03814,N,12111.27372,E,1,07,1.04,122.2,M,16.4,M,,57
$GPGSA,A,3,19,06,02,17,05,09,12,,,,,,3.15,1.04,2.9709
$GPGSV,4,1,13,02,46,337,30,04,02,036,,05,32,248,20,06,49,034,4178
$GPGSV,4,2,13,09,29,055,39,12,27,280,38,13,09,189,,17,33,138,4273
$GPGSV,4,3,13,19,56,132,39,20,15,248,22,25,07,310,,28,07,176,*7A
$GPGSV,4,4,13,30,01,138,43
$GPGLL,2458.03814,N,12111.27372,E,091335.00,A,A60


